0.0230097,-0.720971,0.219359,0.799204,0.01
0.0245437,-0.720971,0.219359,0.799204,0.01
0.0260777,-0.720971,0.219359,0.799204,0.01
0.0276117,-0.720971,0.219359,0.799204,0.01
0.0260777,-0.720971,0.219359,0.799204,0.01
0.0260777,-0.720971,0.219359,0.799204,0.01
0.0260777,-0.720971,0.219359,0.799204,0.01
0.0260777,-0.720971,0.219359,0.799204,0.01
0.0260777,-0.720971,0.219359,0.799204,0.01
0.0260777,-0.722505,0.219359,0.799204,0.01
0.0276117,-0.724039,0.219359,0.799204,0.01
0.0260777,-0.724039,0.217825,0.799204,0.01
0.0260777,-0.724039,0.219359,0.799204,0.01
0.0260777,-0.724039,0.217825,0.799204,0.01
0.0260777,-0.724039,0.219359,0.799204,0.01
0.0260777,-0.724039,0.219359,0.799204,0.01
0.0260777,-0.724039,0.219359,0.799204,0.01
0.0260777,-0.724039,0.217825,0.799204,0.01
0.0260777,-0.722505,0.219359,0.799204,0.01
0.0245437,-0.722505,0.217825,0.799204,0.01
0.0245437,-0.720971,0.219359,0.799204,0.01
0.0230097,-0.720971,0.219359,0.799204,0.01
0.0199418,-0.720971,0.219359,0.799204,0.01
0.0184078,-0.720971,0.217825,0.799204,0.01
0.0168738,-0.719437,0.219359,0.799204,0.01
0.0138058,-0.719437,0.217825,0.799204,0.01
0.0107379,-0.719437,0.217825,0.799204,0.01
0.00613592,-0.719437,0.217825,0.799204,0.01
-0.00153398,-0.719437,0.219359,0.799204,0.01
-0.0122718,-0.719437,0.217825,0.799204,0.01
-0.0291456,-0.717903,0.217825,0.799204,0.01
-0.0460194,-0.719437,0.217825,0.799204,0.01
-0.0690291,-0.717903,0.217825,0.799204,0.01
-0.0889709,-0.717903,0.219359,0.799204,0.01
-0.110447,-0.717903,0.219359,0.799204,0.01
-0.131922,-0.717903,0.219359,0.799204,0.01
-0.153398,-0.717903,0.219359,0.799204,0.01
-0.17334,-0.717903,0.217825,0.799204,0.01
-0.193282,-0.716369,0.219359,0.799204,0.01
-0.214757,-0.713301,0.219359,0.799204,0.01
-0.237767,-0.711767,0.217825,0.799204,0.01
-0.260777,-0.710233,0.219359,0.799204,0.01
-0.28532,-0.710233,0.225495,0.799204,0.01
-0.311398,-0.711767,0.233165,0.799204,0.01
-0.337476,-0.711767,0.242369,0.799204,0.01
-0.368155,-0.713301,0.253107,0.799204,0.01
-0.394233,-0.711767,0.262311,0.799204,0.01
-0.420311,-0.713301,0.269981,0.799204,0.01
-0.447922,-0.711767,0.279185,0.799204,0.01
-0.474,-0.713301,0.286854,0.799204,0.01
-0.503146,-0.713301,0.29299,0.799204,0.01
-0.527689,-0.713301,0.297592,0.799204,0.01
-0.555301,-0.711767,0.302194,0.799204,0.01
-0.579845,-0.711767,0.303728,0.799204,0.01
-0.602854,-0.710233,0.305262,0.799204,0.01
-0.627398,-0.710233,0.309864,0.799204,0.01
-0.648874,-0.710233,0.317534,0.799204,0.01
-0.668816,-0.710233,0.32367,0.799204,0.01
-0.685689,-0.710233,0.33134,0.799204,0.01
-0.704097,-0.711767,0.340544,0.799204,0.01
-0.725573,-0.711767,0.352816,0.799204,0.01
-0.743981,-0.711767,0.360485,0.799204,0.01
-0.763922,-0.710233,0.369689,0.799204,0.01
-0.78233,-0.710233,0.378893,0.799204,0.01
-0.802272,-0.708699,0.391165,0.799204,0.01
-0.822214,-0.708699,0.404971,0.799204,0.01
-0.837554,-0.707165,0.418777,0.799204,0.01
-0.851359,-0.707165,0.431049,0.799204,0.01
-0.862097,-0.707165,0.441786,0.799204,0.01
-0.871301,-0.707165,0.454058,0.799204,0.01
-0.882039,-0.707165,0.464796,0.799204,0.01
-0.889709,-0.708699,0.475534,0.799204,0.01
-0.894311,-0.707165,0.483204,0.802272,0.01
-0.898913,-0.708699,0.487806,0.814544,0.01
-0.903515,-0.707165,0.487806,0.837554,0.01
-0.906583,-0.708699,0.487806,0.866699,0.01
-0.909651,-0.707165,0.487806,0.895845,0.01
-0.912719,-0.707165,0.487806,0.929592,0.01
-0.915787,-0.707165,0.487806,0.961806,0.01
-0.917321,-0.707165,0.483204,0.989418,0.01
-0.920389,-0.707165,0.478602,1.0201,0.01
-0.92499,-0.707165,0.474,1.04464,0.01
-0.928058,-0.707165,0.469398,1.06765,0.01
-0.934194,-0.707165,0.463262,1.08913,0.01
-0.937262,-0.707165,0.45866,1.11214,0.01
-0.941864,-0.704097,0.455592,1.14128,0.01
-0.944932,-0.696427,0.455592,1.16583,0.01
-0.949534,-0.687223,0.455592,1.19344,0.01
-0.954136,-0.674952,0.455592,1.22565,0.01
-0.96334,-0.659612,0.455592,1.25786,0.01
-0.974078,-0.641204,0.455592,1.29315,0.01
-0.984816,-0.622796,0.455592,1.32229,0.01
-0.995554,-0.60899,0.455592,1.3499,0.01
-1.00476,-0.595185,0.455592,1.37598,0.01
-1.01396,-0.581379,0.455592,1.39899,0.01
-1.02317,-0.564505,0.455592,1.41433,0.01
-1.0293,-0.550699,0.455592,1.41893,0.01
-1.03544,-0.532291,0.455592,1.41893,0.01
-1.04004,-0.515418,0.45866,1.41893,0.01
-1.04311,-0.49701,0.463262,1.42047,0.01
-1.04464,-0.474,0.474,1.42047,0.01
-1.04311,-0.454058,0.484738,1.42047,0.01
-1.04157,-0.437185,0.500078,1.42047,0.01
-1.04004,-0.423379,0.51235,1.422,0.01
-1.0339,-0.411107,0.521553,1.422,0.01
-1.02623,-0.397301,0.526155,1.422,0.01
-1.02163,-0.391165,0.526155,1.422,0.01
-1.01703,-0.388097,0.526155,1.422,0.01
-1.0155,-0.386563,0.526155,1.422,0.01
-1.01089,-0.386563,0.527689,1.422,0.01
-1.00476,-0.383495,0.527689,1.422,0.01
-1.00169,-0.381961,0.532291,1.422,0.01
-1.00016,-0.378893,0.535359,1.42047,0.01
-1.00016,-0.372757,0.541495,1.422,0.01
-1.00016,-0.366621,0.547631,1.42047,0.01
-0.998622,-0.355884,0.549165,1.42047,0.01
-0.997088,-0.345146,0.549165,1.42047,0.01
-0.992486,-0.33134,0.549165,1.422,0.01
-0.987884,-0.316,0.550699,1.422,0.01
-0.983282,-0.30066,0.549165,1.422,0.01
-0.97868,-0.282252,0.549165,1.42047,0.01
-0.974078,-0.266913,0.549165,1.42047,0.01
-0.969476,-0.253107,0.549165,1.42047,0.01
-0.967942,-0.248505,0.549165,1.42047,0.01
-0.967942,-0.246971,0.549165,1.42047,0.01
-0.967942,-0.245437,0.549165,1.41586,0.01
-0.967942,-0.245437,0.549165,1.40513,0.01
-0.967942,-0.243903,0.549165,1.39132,0.01
-0.967942,-0.242369,0.549165,1.37598,0.01
-0.966408,-0.240835,0.549165,1.35757,0.01
-0.964874,-0.240835,0.550699,1.33917,0.01
-0.961806,-0.240835,0.553767,1.32689,0.01
-0.958738,-0.239301,0.558369,1.31769,0.01
-0.958738,-0.239301,0.561437,1.31155,0.01
-0.958738,-0.237767,0.561437,1.31002,0.01
-0.958738,-0.237767,0.561437,1.30849,0.01
-0.957204,-0.237767,0.562971,1.31002,0.01
-0.957204,-0.239301,0.561437,1.31002,0.01
-0.954136,-0.237767,0.561437,1.31002,0.01
-0.951068,-0.239301,0.561437,1.30849,0.01
-0.948,-0.237767,0.561437,1.30849,0.01
-0.943398,-0.237767,0.561437,1.31002,0.01
-0.938796,-0.236233,0.562971,1.31002,0.01
-0.931126,-0.234699,0.562971,1.30849,0.01
-0.923456,-0.233165,0.561437,1.31002,0.01
-0.914253,-0.230097,0.561437,1.31002,0.01
-0.905049,-0.227029,0.561437,1.31002,0.01
-0.895845,-0.225495,0.561437,1.31002,0.01
-0.885107,-0.220893,0.561437,1.31002,0.01
-0.874369,-0.217825,0.561437,1.31002,0.01
-0.862097,-0.214757,0.561437,1.31002,0.01
-0.849825,-0.211689,0.561437,1.31002,0.01
-0.837554,-0.210155,0.561437,1.31002,0.01
-0.825282,-0.207087,0.561437,1.30849,0.01
-0.809942,-0.207087,0.561437,1.31002,0.01
-0.794602,-0.207087,0.561437,1.31002,0.01
-0.777728,-0.207087,0.561437,1.30849,0.01
-0.760854,-0.208621,0.561437,1.31002,0.01
-0.743981,-0.210155,0.562971,1.30849,0.01
-0.725573,-0.211689,0.561437,1.31002,0.01
-0.704097,-0.214757,0.561437,1.30849,0.01
-0.685689,-0.216291,0.561437,1.31002,0.01
-0.667282,-0.216291,0.561437,1.31002,0.01
-0.64734,-0.219359,0.561437,1.31002,0.01
-0.625864,-0.222427,0.561437,1.30849,0.01
-0.604388,-0.223961,0.561437,1.31002,0.01
-0.582913,-0.223961,0.561437,1.31002,0.01
-0.559903,-0.223961,0.561437,1.31002,0.01
-0.535359,-0.223961,0.561437,1.31002,0.01
-0.509282,-0.223961,0.561437,1.31002,0.01
-0.48167,-0.223961,0.561437,1.31002,0.01
-0.454058,-0.223961,0.561437,1.31002,0.01
-0.424913,-0.222427,0.561437,1.31002,0.01
-0.394233,-0.222427,0.561437,1.31002,0.01
-0.365087,-0.219359,0.561437,1.31002,0.01
-0.33134,-0.217825,0.561437,1.31002,0.01
-0.30066,-0.216291,0.562971,1.31002,0.01
-0.273049,-0.216291,0.561437,1.31002,0.01
-0.248505,-0.216291,0.562971,1.31002,0.01
-0.220893,-0.216291,0.561437,1.31002,0.01
-0.193282,-0.216291,0.561437,1.31002,0.01
-0.167204,-0.216291,0.561437,1.30849,0.01
-0.14266,-0.216291,0.561437,1.31002,0.01
-0.119651,-0.216291,0.562971,1.30849,0.01
-0.0966408,-0.214757,0.562971,1.31002,0.01
-0.0720971,-0.214757,0.561437,1.31002,0.01
-0.0475534,-0.214757,0.562971,1.30849,0.01
-0.0245437,-0.214757,0.561437,1.31002,0.01
0,-0.214757,0.561437,1.31002,0.01
0.0276117,-0.214757,0.562971,1.30849,0.01
0.0582913,-0.214757,0.561437,1.30849,0.01
0.0889709,-0.214757,0.561437,1.31002,0.01
0.121184,-0.211689,0.561437,1.30849,0.01
0.153398,-0.208621,0.561437,1.31002,0.01
0.185612,-0.204019,0.561437,1.31002,0.01
0.219359,-0.193282,0.561437,1.31002,0.01
0.250039,-0.184078,0.561437,1.31002,0.01
0.277651,-0.17334,0.556835,1.31002,0.01
0.305262,-0.161068,0.547631,1.31002,0.01
0.33134,-0.148796,0.533825,1.31002,0.01
0.360485,-0.131922,0.516952,1.31002,0.01
0.386563,-0.119651,0.503146,1.30849,0.01
0.411107,-0.105845,0.490874,1.31002,0.01
0.431049,-0.0935728,0.483204,1.30849,0.01
0.447922,-0.0843689,0.477068,1.31002,0.01
0.460194,-0.079767,0.472466,1.31002,0.01
0.472466,-0.079767,0.469398,1.31002,0.01
0.484738,-0.079767,0.46633,1.31002,0.01
0.500078,-0.079767,0.461728,1.31002,0.01
0.516952,-0.078233,0.452524,1.31002,0.01
0.538427,-0.0751651,0.435651,1.30849,0.01
0.562971,-0.0736311,0.420311,1.31002,0.01
0.584447,-0.0720971,0.406505,1.31002,0.01
0.607456,-0.0674952,0.392699,1.30849,0.01
0.627398,-0.0582913,0.380427,1.31002,0.01
0.651942,-0.0444854,0.368155,1.30849,0.01
0.668816,-0.0276117,0.355884,1.31002,0.01
0.685689,-0.00920388,0.342078,1.30849,0.01
0.702563,0.0138058,0.326738,1.30849,0.01
0.720971,0.0368155,0.309864,1.31002,0.01
0.740913,0.0705631,0.28532,1.31002,0.01
0.756253,0.0966408,0.260777,1.31002,0.01
0.771592,0.124252,0.234699,1.30849,0.01
0.788466,0.15033,0.204019,1.31002,0.01
0.803806,0.174874,0.17334,1.31002,0.01
0.819146,0.199418,0.136524,1.31002,0.01
0.831418,0.222427,0.104311,1.30849,0.01
0.843689,0.243903,0.0705631,1.31002,0.01
0.852893,0.268447,0.0368155,1.31002,0.01
0.859029,0.29299,0,1.30849,0.01
0.863631,0.320602,-0.0398835,1.30849,0.01
0.865165,0.345146,-0.0751651,1.31002,0.01
0.863631,0.365087,-0.108913,1.31002,0.01
0.862097,0.386563,-0.141126,1.30849,0.01
0.859029,0.403437,-0.170272,1.31002,0.01
0.854427,0.420311,-0.199418,1.31002,0.01
0.848291,0.434117,-0.223961,1.31002,0.01
0.843689,0.447922,-0.250039,1.30849,0.01
0.837554,0.460194,-0.271515,1.31002,0.01
0.831418,0.470932,-0.29299,1.31002,0.01
0.823748,0.48167,-0.316,1.31002,0.01
0.819146,0.487806,-0.329806,1.31002,0.01
0.811476,0.495476,-0.343612,1.31002,0.01
0.80534,0.500078,-0.35435,1.31002,0.01
0.796136,0.501612,-0.365087,1.31002,0.01
0.786932,0.50468,-0.374291,1.31002,0.01
0.780796,0.506214,-0.378893,1.30849,0.01
0.773126,0.507748,-0.381961,1.31002,0.01
0.76699,0.507748,-0.386563,1.31002,0.01
0.760854,0.509282,-0.389631,1.30849,0.01
0.757787,0.51235,-0.397301,1.31002,0.01
0.753185,0.515418,-0.406505,1.30849,0.01
0.748583,0.52002,-0.417243,1.31002,0.01
0.743981,0.529223,-0.432583,1.31002,0.01
0.737845,0.541495,-0.45099,1.31002,0.01
0.730175,0.553767,-0.470932,1.30849,0.01
0.725573,0.566039,-0.487806,1.31002,0.01
0.719437,0.578311,-0.506214,1.31002,0.01
0.713301,0.589049,-0.524621,1.30849,0.01
0.705631,0.599787,-0.543029,1.30849,0.01
0.696427,0.610524,-0.561437,1.31002,0.01
0.688757,0.619728,-0.576777,1.31002,0.01
0.681087,0.625864,-0.589049,1.31002,0.01
0.671884,0.630466,-0.599787,1.31002,0.01
0.66268,0.635068,-0.60899,1.31002,0.01
0.653476,0.636602,-0.61666,1.31002,0.01
0.644272,0.638136,-0.62433,1.31002,0.01
0.635068,0.638136,-0.632,1.30849,0.01
0.627398,0.642738,-0.641204,1.30849,0.01
0.621262,0.648874,-0.651942,1.31002,0.01
0.615126,0.65501,-0.667282,1.30849,0.01
0.60899,0.664214,-0.682621,1.31002,0.01
0.602854,0.673418,-0.699495,1.31002,0.01
0.598253,0.685689,-0.717903,1.30849,0.01
0.595185,0.697961,-0.736311,1.30849,0.01
0.592117,0.713301,-0.757787,1.30849,0.01
0.589049,0.725573,-0.779262,1.30849,0.01
0.587515,0.739379,-0.799204,1.31002,0.01
0.584447,0.751651,-0.822214,1.31002,0.01
0.582913,0.765456,-0.843689,1.31002,0.01
0.581379,0.779262,-0.865165,1.31002,0.01
0.581379,0.79,-0.880505,1.30849,0.01
0.579845,0.79767,-0.894311,1.31002,0.01
0.579845,0.803806,-0.903515,1.31002,0.01
0.579845,0.808408,-0.909651,1.31002,0.01
0.578311,0.808408,-0.911185,1.31002,0.01
0.579845,0.808408,-0.911185,1.31002,0.01
0.579845,0.809942,-0.911185,1.31002,0.01
0.582913,0.808408,-0.911185,1.30849,0.01
0.584447,0.808408,-0.911185,1.31002,0.01
0.584447,0.808408,-0.911185,1.31002,0.01
0.585981,0.808408,-0.911185,1.31002,0.01
0.587515,0.80534,-0.911185,1.31769,0.01
0.590583,0.802272,-0.911185,1.33763,0.01
0.593651,0.79767,-0.911185,1.36524,0.01
0.595185,0.79,-0.911185,1.40052,0.01
0.595185,0.78233,-0.911185,1.4266,0.01
0.595185,0.77466,-0.911185,1.43887,0.01
0.595185,0.763922,-0.911185,1.44041,0.01
0.598253,0.750117,-0.911185,1.44041,0.01
0.601321,0.736311,-0.911185,1.44041,0.01
0.605922,0.724039,-0.917321,1.44041,0.01
0.60899,0.716369,-0.921923,1.44041,0.01
0.612058,0.707165,-0.928058,1.43887,0.01
0.615126,0.701029,-0.934194,1.44041,0.01
0.61666,0.694893,-0.94033,1.44041,0.01
0.619728,0.688757,-0.948,1.43887,0.01
0.622796,0.681087,-0.954136,1.44041,0.01
0.625864,0.671884,-0.961806,1.44041,0.01
0.628932,0.661146,-0.966408,1.43887,0.01
0.633534,0.648874,-0.972544,1.44041,0.01
0.636602,0.636602,-0.97868,1.44041,0.01
0.641204,0.621262,-0.981748,1.43887,0.01
0.645806,0.605922,-0.983282,1.43887,0.01
0.64734,0.587515,-0.984816,1.44041,0.01
0.64734,0.566039,-0.984816,1.43887,0.01
0.64734,0.546097,-0.984816,1.44041,0.01
0.648874,0.523087,-0.984816,1.43887,0.01
0.648874,0.500078,-0.98635,1.44041,0.01
0.648874,0.478602,-0.984816,1.44041,0.01
0.64734,0.45099,-0.98635,1.43887,0.01
0.64734,0.423379,-0.984816,1.43887,0.01
0.64734,0.397301,-0.984816,1.43887,0.01
0.64734,0.372757,-0.984816,1.44041,0.01
0.64734,0.34668,-0.98635,1.43887,0.01
0.645806,0.316,-0.98635,1.44041,0.01
0.645806,0.288388,-0.984816,1.43887,0.01
0.645806,0.262311,-0.98635,1.44041,0.01
0.645806,0.236233,-0.984816,1.44041,0.01
0.644272,0.214757,-0.98635,1.43887,0.01
0.644272,0.190214,-0.98635,1.44041,0.01
0.642738,0.170272,-0.98635,1.44041,0.01
0.63967,0.15033,-0.984816,1.43887,0.01
0.636602,0.128854,-0.984816,1.44041,0.01
0.632,0.108913,-0.984816,1.44041,0.01
0.627398,0.0843689,-0.984816,1.44041,0.01
0.62433,0.0644272,-0.984816,1.44041,0.01
0.619728,0.0414175,-0.984816,1.44041,0.01
0.612058,0.0214757,-0.984816,1.44041,0.01
0.604388,0.00306796,-0.984816,1.44041,0.01
0.599787,-0.0122718,-0.98635,1.43887,0.01
0.595185,-0.0291456,-0.984816,1.44041,0.01
0.585981,-0.0444854,-0.984816,1.43887,0.01
0.575243,-0.0628932,-0.98635,1.43887,0.01
0.561437,-0.078233,-0.984816,1.43887,0.01
0.543029,-0.0935728,-0.98635,1.43887,0.01
0.524621,-0.107379,-0.984816,1.44041,0.01
0.509282,-0.119651,-0.984816,1.44041,0.01
0.492408,-0.133456,-0.98635,1.43887,0.01
0.472466,-0.144194,-0.98635,1.43887,0.01
0.449456,-0.153398,-0.98635,1.44041,0.01
0.427981,-0.162602,-0.98635,1.43887,0.01
0.409573,-0.168738,-0.984816,1.43887,0.01
0.395767,-0.176408,-0.984816,1.44041,0.01
0.386563,-0.184078,-0.983282,1.43887,0.01
0.381961,-0.18868,-0.97868,1.44041,0.01
0.377359,-0.191748,-0.974078,1.44041,0.01
0.377359,-0.193282,-0.969476,1.43887,0.01
0.377359,-0.191748,-0.966408,1.43887,0.01
0.378893,-0.191748,-0.96334,1.43887,0.01
0.380427,-0.191748,-0.961806,1.43887,0.01
0.380427,-0.18868,-0.961806,1.43887,0.01
0.380427,-0.185612,-0.961806,1.43887,0.01
0.381961,-0.182544,-0.961806,1.43887,0.01
0.383495,-0.177942,-0.961806,1.43581,0.01
0.383495,-0.171806,-0.961806,1.42814,0.01
0.383495,-0.16567,-0.961806,1.41586,0.01
0.383495,-0.161068,-0.961806,1.40052,0.01
0.383495,-0.156466,-0.960272,1.38365,0.01
0.381961,-0.153398,-0.958738,1.36371,0.01
0.383495,-0.151864,-0.954136,1.34377,0.01
0.383495,-0.151864,-0.941864,1.32689,0.01
0.383495,-0.153398,-0.923456,1.30695,0.01
0.385029,-0.154932,-0.906583,1.28548,0.01
0.385029,-0.156466,-0.883573,1.25633,0.01
0.385029,-0.159534,-0.851359,1.22412,0.01
0.385029,-0.164136,-0.814544,1.19344,0.01
0.385029,-0.174874,-0.771592,1.16736,0.01
0.385029,-0.194816,-0.724039,1.13821,0.01
0.385029,-0.219359,-0.667282,1.106,0.01
0.383495,-0.251573,-0.593651,1.06151,0.01
0.381961,-0.282252,-0.521553,1.00936,0.01
0.380427,-0.319068,-0.437185,0.949534,0.01
0.375825,-0.357418,-0.352816,0.882039,0.01
0.369689,-0.395767,-0.263845,0.808408,0.01
0.363553,-0.440253,-0.168738,0.728641,0.01
0.358952,-0.474,-0.0905049,0.658078,0.01
0.355884,-0.501612,-0.0153398,0.592117,0.01
0.35435,-0.524621,0.0490874,0.530757,0.01
0.352816,-0.544563,0.108913,0.478602,0.01
0.349748,-0.562971,0.170272,0.429515,0.01
0.348214,-0.575243,0.216291,0.395767,0.01
0.34668,-0.585981,0.259243,0.372757,0.01
0.340544,-0.595185,0.291456,0.357418,0.01
0.33134,-0.601321,0.319068,0.34668,0.01
0.325204,-0.602854,0.33901,0.334408,0.01
0.325204,-0.602854,0.352816,0.326738,0.01
0.325204,-0.602854,0.365087,0.322136,0.01
0.326738,-0.602854,0.372757,0.320602,0.01
0.325204,-0.601321,0.380427,0.322136,0.01
0.326738,-0.598253,0.388097,0.320602,0.01
0.326738,-0.593651,0.391165,0.320602,0.01
0.32367,-0.587515,0.391165,0.322136,0.01
0.322136,-0.579845,0.392699,0.320602,0.01
0.320602,-0.575243,0.391165,0.320602,0.01
0.319068,-0.573709,0.394233,0.322136,0.01
0.317534,-0.575243,0.400369,0.322136,0.01
0.316,-0.576777,0.408039,0.322136,0.01
0.314466,-0.578311,0.418777,0.314466,0.01
0.312932,-0.578311,0.432583,0.305262,0.01
0.316,-0.579845,0.45099,0.282252,0.01
0.317534,-0.579845,0.475534,0.250039,0.01
0.317534,-0.579845,0.503146,0.211689,0.01
0.319068,-0.581379,0.532291,0.17334,0.01
0.319068,-0.584447,0.564505,0.133456,0.01
0.317534,-0.585981,0.601321,0.0905049,0.01
0.317534,-0.587515,0.633534,0.0567573,0.01
0.317534,-0.589049,0.661146,0.0260777,0.01
0.317534,-0.589049,0.687223,0,0.01
0.319068,-0.592117,0.710233,-0.0199418,0.01
0.320602,-0.595185,0.737845,-0.0429515,0.01
0.325204,-0.598253,0.762388,-0.0582913,0.01
0.329806,-0.601321,0.786932,-0.0720971,0.01
0.332874,-0.602854,0.809942,-0.0889709,0.01
0.337476,-0.604388,0.834486,-0.105845,0.01
0.340544,-0.60899,0.863631,-0.128854,0.01
0.345146,-0.610524,0.891243,-0.154932,0.01
0.348214,-0.612058,0.918855,-0.18101,0.01
0.352816,-0.612058,0.944932,-0.204019,0.01
0.35435,-0.612058,0.972544,-0.228563,0.01
0.357418,-0.612058,1.00169,-0.250039,0.01
0.358952,-0.613592,1.0293,-0.266913,0.01
0.360485,-0.612058,1.05538,-0.280719,0.01
0.362019,-0.612058,1.07992,-0.29299,0.01
0.363553,-0.612058,1.10753,-0.305262,0.01
0.365087,-0.612058,1.13361,-0.316,0.01
0.368155,-0.612058,1.15816,-0.32367,0.01
0.368155,-0.612058,1.17963,-0.332874,0.01
0.369689,-0.612058,1.20264,-0.340544,0.01
0.369689,-0.610524,1.22412,-0.352816,0.01
0.372757,-0.607456,1.24713,-0.363553,0.01
0.374291,-0.604388,1.26553,-0.372757,0.01
0.374291,-0.599787,1.28241,-0.385029,0.01
0.375825,-0.590583,1.29775,-0.394233,0.01
0.377359,-0.579845,1.31155,-0.395767,0.01
0.386563,-0.566039,1.32689,-0.397301,0.01
0.392699,-0.555301,1.3407,-0.397301,0.01
0.397301,-0.544563,1.3499,-0.397301,0.01
0.403437,-0.533825,1.35911,-0.397301,0.01
0.408039,-0.527689,1.36678,-0.397301,0.01
0.414175,-0.521553,1.37138,-0.397301,0.01
0.418777,-0.513884,1.37598,-0.397301,0.01
0.421845,-0.506214,1.37905,-0.397301,0.01
0.426447,-0.49701,1.38212,-0.397301,0.01
0.429515,-0.486272,1.38365,-0.397301,0.01
0.431049,-0.477068,1.38365,-0.397301,0.01
0.432583,-0.470932,1.38365,-0.397301,0.01
0.435651,-0.467864,1.38365,-0.397301,0.01
0.440253,-0.464796,1.38365,-0.397301,0.01
0.446388,-0.46633,1.38365,-0.397301,0.01
0.45099,-0.467864,1.38212,-0.397301,0.01
0.45099,-0.470932,1.38212,-0.397301,0.01
0.452524,-0.474,1.38058,-0.397301,0.01
0.452524,-0.480136,1.38212,-0.397301,0.01
0.454058,-0.484738,1.38058,-0.397301,0.01
0.45866,-0.486272,1.38212,-0.397301,0.01
0.461728,-0.484738,1.38212,-0.397301,0.01
0.464796,-0.483204,1.38058,-0.397301,0.01
0.470932,-0.478602,1.38058,-0.397301,0.01
0.478602,-0.475534,1.38212,-0.397301,0.01
0.487806,-0.467864,1.38212,-0.397301,0.01
0.492408,-0.45866,1.38058,-0.395767,0.01
0.493942,-0.447922,1.37445,-0.397301,0.01
0.493942,-0.432583,1.36678,-0.395767,0.01
0.493942,-0.415709,1.35604,-0.397301,0.01
0.492408,-0.391165,1.34377,-0.397301,0.01
0.48934,-0.368155,1.32843,-0.395767,0.01
0.487806,-0.340544,1.31155,-0.397301,0.01
0.486272,-0.314466,1.29315,-0.397301,0.01
0.486272,-0.288388,1.27627,-0.397301,0.01
0.486272,-0.257709,1.25786,-0.397301,0.01
0.484738,-0.233165,1.24099,-0.395767,0.01
0.484738,-0.210155,1.22565,-0.397301,0.01
0.483204,-0.18868,1.21338,-0.397301,0.01
0.48167,-0.171806,1.20111,-0.395767,0.01
0.478602,-0.154932,1.18884,-0.397301,0.01
0.475534,-0.14266,1.17963,-0.395767,0.01
0.474,-0.13499,1.1735,-0.395767,0.01
0.474,-0.128854,1.16583,-0.397301,0.01
0.472466,-0.125786,1.16276,-0.397301,0.01
0.470932,-0.125786,1.16276,-0.397301,0.01
0.469398,-0.12732,1.16276,-0.397301,0.01
0.469398,-0.128854,1.16122,-0.397301,0.01
0.46633,-0.128854,1.15969,-0.397301,0.01
0.464796,-0.12732,1.15202,-0.397301,0.01
0.463262,-0.122718,1.14282,-0.395767,0.01
0.461728,-0.119651,1.13515,-0.397301,0.01
0.461728,-0.111981,1.12441,-0.397301,0.01
0.461728,-0.101243,1.11367,-0.397301,0.01
0.461728,-0.0889709,1.10293,-0.397301,0.01
0.461728,-0.0736311,1.08913,-0.397301,0.01
0.461728,-0.0598253,1.07839,-0.397301,0.01
0.460194,-0.0444854,1.06612,-0.397301,0.01
0.45866,-0.0322136,1.05384,-0.397301,0.01
0.455592,-0.0199418,1.04004,-0.397301,0.01
0.452524,-0.0076699,1.02317,-0.395767,0.01
0.45099,0.00306796,1.01089,-0.395767,0.01
0.45099,0.0138058,0.997088,-0.397301,0.01
0.449456,0.0260777,0.983282,-0.397301,0.01
0.447922,0.0383495,0.969476,-0.395767,0.01
0.446388,0.0552233,0.951068,-0.395767,0.01
0.444854,0.0690291,0.934194,-0.395767,0.01
0.440253,0.0843689,0.918855,-0.397301,0.01
0.438719,0.0997088,0.901981,-0.397301,0.01
0.435651,0.115049,0.885107,-0.397301,0.01
0.432583,0.133456,0.863631,-0.397301,0.01
0.429515,0.148796,0.845223,-0.397301,0.01
0.427981,0.16567,0.826816,-0.397301,0.01
0.427981,0.182544,0.806874,-0.395767,0.01
0.426447,0.199418,0.786932,-0.395767,0.01
0.423379,0.216291,0.763922,-0.397301,0.01
0.423379,0.230097,0.747049,-0.395767,0.01
0.421845,0.243903,0.728641,-0.395767,0.01
0.423379,0.259243,0.713301,-0.397301,0.01
0.423379,0.268447,0.701029,-0.395767,0.01
0.426447,0.277651,0.690291,-0.397301,0.01
0.427981,0.283786,0.682621,-0.397301,0.01
0.429515,0.28532,0.676486,-0.395767,0.01
0.429515,0.286854,0.671884,-0.395767,0.01
0.427981,0.286854,0.667282,-0.397301,0.01
0.426447,0.286854,0.659612,-0.395767,0.01
0.424913,0.286854,0.651942,-0.395767,0.01
0.421845,0.29299,0.642738,-0.397301,0.01
0.421845,0.305262,0.635068,-0.397301,0.01
0.420311,0.317534,0.621262,-0.397301,0.01
0.421845,0.33134,0.602854,-0.397301,0.01
0.423379,0.34668,0.587515,-0.397301,0.01
0.427981,0.360485,0.569107,-0.397301,0.01
0.431049,0.375825,0.550699,-0.397301,0.01
0.432583,0.391165,0.530757,-0.395767,0.01
0.435651,0.406505,0.509282,-0.397301,0.01
0.437185,0.418777,0.48934,-0.395767,0.01
0.438719,0.431049,0.472466,-0.397301,0.01
0.440253,0.44332,0.454058,-0.395767,0.01
0.438719,0.45099,0.438719,-0.395767,0.01
0.440253,0.457126,0.423379,-0.395767,0.01
0.440253,0.461728,0.409573,-0.397301,0.01
0.440253,0.464796,0.398835,-0.397301,0.01
0.438719,0.467864,0.388097,-0.395767,0.01
0.437185,0.474,0.375825,-0.397301,0.01
0.435651,0.48167,0.362019,-0.395767,0.01
0.432583,0.490874,0.348214,-0.395767,0.01
0.429515,0.503146,0.328272,-0.397301,0.01
0.427981,0.515418,0.312932,-0.395767,0.01
0.426447,0.529223,0.294524,-0.397301,0.01
0.426447,0.546097,0.273049,-0.397301,0.01
0.426447,0.561437,0.256175,-0.395767,0.01
0.426447,0.573709,0.234699,-0.395767,0.01
0.426447,0.587515,0.216291,-0.395767,0.01
0.424913,0.601321,0.199418,-0.397301,0.01
0.426447,0.613592,0.184078,-0.397301,0.01
0.426447,0.622796,0.177942,-0.395767,0.01
0.424913,0.627398,0.176408,-0.397301,0.01
0.426447,0.627398,0.176408,-0.397301,0.01
0.426447,0.625864,0.176408,-0.397301,0.01
0.427981,0.625864,0.176408,-0.395767,0.01
0.427981,0.625864,0.177942,-0.395767,0.01
0.427981,0.625864,0.176408,-0.395767,0.01
0.429515,0.625864,0.177942,-0.397301,0.01
0.429515,0.628932,0.177942,-0.397301,0.01
0.429515,0.628932,0.17334,-0.395767,0.01
0.429515,0.630466,0.171806,-0.397301,0.01
0.429515,0.630466,0.170272,-0.397301,0.01
0.429515,0.628932,0.168738,-0.397301,0.01
0.429515,0.630466,0.167204,-0.395767,0.01
0.429515,0.628932,0.161068,-0.397301,0.01
0.429515,0.630466,0.153398,-0.397301,0.01
0.429515,0.630466,0.144194,-0.395767,0.01
0.429515,0.632,0.133456,-0.397301,0.01
0.429515,0.638136,0.124252,-0.395767,0.01
0.429515,0.645806,0.113515,-0.397301,0.01
0.429515,0.651942,0.101243,-0.397301,0.01
0.427981,0.659612,0.0905049,-0.395767,0.01
0.427981,0.667282,0.0843689,-0.397301,0.01
0.426447,0.671884,0.082835,-0.395767,0.01
0.427981,0.673418,0.082835,-0.395767,0.01
0.427981,0.674952,0.0859029,-0.395767,0.01
0.426447,0.674952,0.0951068,-0.397301,0.01
0.426447,0.673418,0.108913,-0.397301,0.01
0.426447,0.67035,0.12732,-0.395767,0.01
0.426447,0.665748,0.148796,-0.397301,0.01
0.426447,0.658078,0.170272,-0.397301,0.01
0.426447,0.644272,0.18868,-0.397301,0.01
0.426447,0.627398,0.208621,-0.397301,0.01
0.424913,0.607456,0.231631,-0.397301,0.01
0.426447,0.582913,0.257709,-0.397301,0.01
0.427981,0.558369,0.280719,-0.395767,0.01
0.427981,0.530757,0.303728,-0.397301,0.01
0.429515,0.506214,0.326738,-0.397301,0.01
0.431049,0.48167,0.352816,-0.397301,0.01
0.434117,0.454058,0.380427,-0.395767,0.01
0.435651,0.427981,0.406505,-0.395767,0.01
0.437185,0.400369,0.431049,-0.397301,0.01
0.437185,0.374291,0.455592,-0.395767,0.01
0.438719,0.349748,0.48167,-0.395767,0.01
0.440253,0.320602,0.510816,-0.397301,0.01
0.44332,0.294524,0.538427,-0.395767,0.01
0.444854,0.268447,0.564505,-0.395767,0.01
0.444854,0.239301,0.590583,-0.397301,0.01
0.446388,0.213223,0.618194,-0.397301,0.01
0.446388,0.184078,0.644272,-0.397301,0.01
0.446388,0.156466,0.668816,-0.395767,0.01
0.447922,0.131922,0.687223,-0.395767,0.01
0.452524,0.108913,0.705631,-0.395767,0.01
0.457126,0.0859029,0.722505,-0.395767,0.01
0.463262,0.0644272,0.743981,-0.395767,0.01
0.470932,0.0444854,0.75932,-0.395767,0.01
0.477068,0.0291456,0.77466,-0.395767,0.01
0.480136,0.0168738,0.788466,-0.397301,0.01
0.483204,0.00306796,0.803806,-0.397301,0.01
0.484738,-0.0138058,0.82068,-0.397301,0.01
0.484738,-0.0291456,0.837554,-0.395767,0.01
0.486272,-0.0429515,0.852893,-0.397301,0.01
0.487806,-0.0598253,0.868233,-0.395767,0.01
0.492408,-0.076699,0.882039,-0.397301,0.01
0.498544,-0.0966408,0.897379,-0.397301,0.01
0.506214,-0.118117,0.906583,-0.397301,0.01
0.516952,-0.139592,0.918855,-0.397301,0.01
0.524621,-0.158,0.926524,-0.395767,0.01
0.529223,-0.176408,0.934194,-0.395767,0.01
0.533825,-0.191748,0.94033,-0.395767,0.01
0.538427,-0.199418,0.946466,-0.397301,0.01
0.541495,-0.204019,0.951068,-0.397301,0.01
0.541495,-0.205553,0.95567,-0.395767,0.01
0.541495,-0.207087,0.95567,-0.397301,0.01
0.543029,-0.213223,0.960272,-0.395767,0.01
0.547631,-0.216291,0.960272,-0.395767,0.01
0.552233,-0.220893,0.960272,-0.395767,0.01
0.555301,-0.227029,0.960272,-0.397301,0.01
0.555301,-0.231631,0.960272,-0.395767,0.01
0.555301,-0.234699,0.960272,-0.395767,0.01
0.555301,-0.239301,0.960272,-0.392699,0.01
0.555301,-0.243903,0.95567,-0.378893,0.01
0.555301,-0.250039,0.951068,-0.352816,0.01
0.555301,-0.262311,0.94033,-0.316,0.01
0.556835,-0.279185,0.923456,-0.269981,0.01
0.559903,-0.297592,0.909651,-0.227029,0.01
0.561437,-0.316,0.895845,-0.182544,0.01
0.564505,-0.337476,0.883573,-0.133456,0.01
0.569107,-0.362019,0.868233,-0.0874369,0.01
0.572175,-0.386563,0.851359,-0.0322136,0.01
0.573709,-0.406505,0.834486,0.0153398,0.01
0.578311,-0.423379,0.816078,0.0644272,0.01
0.584447,-0.440253,0.796136,0.115049,0.01
0.589049,-0.452524,0.776194,0.16567,0.01
0.595185,-0.467864,0.753185,0.217825,0.01
0.601321,-0.478602,0.728641,0.266913,0.01
0.607456,-0.48934,0.705631,0.309864,0.01
0.612058,-0.498544,0.679554,0.35435,0.01
0.613592,-0.507748,0.653476,0.397301,0.01
0.613592,-0.516952,0.62433,0.441786,0.01
0.613592,-0.526155,0.595185,0.48167,0.01
0.613592,-0.535359,0.566039,0.521553,0.01
0.612058,-0.546097,0.536893,0.564505,0.01
0.612058,-0.552233,0.506214,0.607456,0.01
0.612058,-0.556835,0.469398,0.656544,0.01
0.612058,-0.558369,0.434117,0.701029,0.01
0.610524,-0.558369,0.395767,0.748583,0.01
0.610524,-0.558369,0.358952,0.793068,0.01
0.610524,-0.556835,0.320602,0.837554,0.01
0.605922,-0.555301,0.280719,0.882039,0.01
0.599787,-0.552233,0.248505,0.917321,0.01
0.590583,-0.552233,0.219359,0.951068,0.01
0.578311,-0.549165,0.194816,0.977146,0.01
0.562971,-0.547631,0.174874,1.00016,0.01
0.538427,-0.544563,0.158,1.01703,0.01
0.510816,-0.544563,0.145728,1.02777,0.01
0.483204,-0.547631,0.138058,1.03544,0.01
0.452524,-0.549165,0.133456,1.04004,0.01
0.418777,-0.552233,0.130388,1.04157,0.01
0.374291,-0.556835,0.130388,1.04157,0.01
0.332874,-0.564505,0.128854,1.04157,0.01
0.291456,-0.570641,0.128854,1.04157,0.01
0.248505,-0.575243,0.130388,1.04157,0.01
0.204019,-0.581379,0.128854,1.04157,0.01
0.159534,-0.585981,0.125786,1.04157,0.01
0.121184,-0.589049,0.122718,1.04157,0.01
0.0905049,-0.590583,0.118117,1.04157,0.01
0.0598253,-0.590583,0.108913,1.04157,0.01
0.0352816,-0.592117,0.0981748,1.04157,0.01
0.0107379,-0.593651,0.082835,1.04157,0.01
-0.00920388,-0.593651,0.0659612,1.04157,0.01
-0.0245437,-0.592117,0.0490874,1.04157,0.01
-0.0383495,-0.592117,0.0383495,1.04157,0.01
-0.0444854,-0.592117,0.0322136,1.04157,0.01
-0.0460194,-0.592117,0.0306796,1.04157,0.01
-0.0429515,-0.592117,0.0291456,1.04157,0.01
-0.0383495,-0.592117,0.0291456,1.04157,0.01
-0.0306796,-0.590583,0.0306796,1.04157,0.01
-0.0214757,-0.592117,0.0291456,1.04157,0.01
-0.0122718,-0.590583,0.0276117,1.04157,0.01
-0.00613592,-0.589049,0.0230097,1.04157,0.01
-0.00306796,-0.589049,0.0168738,1.04157,0.01
0,-0.589049,0.00920388,1.04157,0.01
0.00306796,-0.587515,0.00306796,1.04157,0.01
0.00920388,-0.589049,-0.00153398,1.04157,0.01
0.0138058,-0.590583,-0.00153398,1.04157,0.01
0.0184078,-0.592117,-0.00153398,1.04157,0.01
0.0230097,-0.593651,-0.00153398,1.04157,0.01
0.0260777,-0.593651,-0.00153398,1.04157,0.01
0.0291456,-0.593651,-0.00153398,1.04157,0.01
0.0306796,-0.593651,-0.00153398,1.04157,0.01
0.0322136,-0.593651,-0.00153398,1.04157,0.01
0.0337476,-0.595185,-0.00153398,1.04157,0.01
0.0337476,-0.595185,-0.00153398,1.04157,0.01
0.0352816,-0.595185,-0.00153398,1.04157,0.01
0.0352816,-0.595185,-0.00153398,1.04157,0.01
0.0352816,-0.595185,-0.00153398,1.04157,0.01
0.0368155,-0.595185,-0.00153398,1.04157,0.01
0.0383495,-0.595185,-0.00153398,1.04157,0.01
0.0383495,-0.595185,-0.00153398,1.04157,0.01
0.0383495,-0.598253,-0.00153398,1.04004,0.01
0.0398835,-0.602854,-0.00153398,1.0293,0.01
0.0383495,-0.607456,0,1.00476,0.01
0.0398835,-0.613592,0.00613592,0.97101,0.01
0.0398835,-0.621262,0.0199418,0.92499,0.01
0.0398835,-0.633534,0.0398835,0.883573,0.01
0.0398835,-0.645806,0.0644272,0.837554,0.01
0.0398835,-0.661146,0.0905049,0.786932,0.01
0.0383495,-0.67802,0.116583,0.734777,0.01
0.0383495,-0.691825,0.144194,0.681087,0.01
0.0383495,-0.704097,0.162602,0.638136,0.01
0.0368155,-0.711767,0.179476,0.604388,0.01
0.0368155,-0.717903,0.18868,0.579845,0.01
0.0368155,-0.720971,0.193282,0.566039,0.01
0.0368155,-0.722505,0.194816,0.564505,0.01
0.0383495,-0.722505,0.193282,0.564505,0.01
0.0398835,-0.722505,0.194816,0.564505,0.01
0.0383495,-0.722505,0.193282,0.566039,0.01
0.0383495,-0.720971,0.197884,0.564505,0.01
0.0398835,-0.722505,0.199418,0.564505,0.01
0.0398835,-0.722505,0.200951,0.564505,0.01
0.0414175,-0.722505,0.200951,0.564505,0.01
0.0398835,-0.722505,0.200951,0.564505,0.01
0.0414175,-0.724039,0.200951,0.564505,0.01
0.0414175,-0.724039,0.200951,0.564505,0.01
0.0414175,-0.724039,0.200951,0.566039,0.01
0.0414175,-0.725573,0.200951,0.564505,0.01
0.0398835,-0.725573,0.200951,0.566039,0.01
0.0398835,-0.724039,0.204019,0.564505,0.01
0.0414175,-0.722505,0.208621,0.566039,0.01
0.0429515,-0.722505,0.210155,0.564505,0.01
0.0429515,-0.720971,0.213223,0.566039,0.01
0.0398835,-0.719437,0.217825,0.564505,0.01
0.0352816,-0.717903,0.225495,0.564505,0.01
0.0337476,-0.717903,0.243903,0.553767,0.01
0.0337476,-0.719437,0.265379,0.533825,0.01
0.0337476,-0.719437,0.294524,0.503146,0.01
0.0337476,-0.722505,0.332874,0.452524,0.01
0.0337476,-0.724039,0.383495,0.391165,0.01
0.0337476,-0.730175,0.446388,0.312932,0.01
0.0337476,-0.736311,0.510816,0.237767,0.01
0.0322136,-0.743981,0.578311,0.158,0.01
0.0337476,-0.748583,0.650408,0.079767,0.01
0.0337476,-0.751651,0.719437,-0.0076699,0.01
0.0352816,-0.748583,0.79,-0.102777,0.01
0.0368155,-0.745515,0.846757,-0.184078,0.01
0.0383495,-0.743981,0.892777,-0.254641,0.01
0.0398835,-0.739379,0.931126,-0.314466,0.01
0.0414175,-0.734777,0.95567,-0.351282,0.01
0.0444854,-0.727107,0.966408,-0.355884,0.01
0.0460194,-0.722505,0.964874,-0.349748,0.01
0.0475534,-0.719437,0.964874,-0.334408,0.01
0.0490874,-0.719437,0.96334,-0.299126,0.01
0.0475534,-0.724039,0.937262,-0.242369,0.01
0.0475534,-0.727107,0.889709,-0.153398,0.01
0.0475534,-0.730175,0.832952,-0.0567573,0.01
0.0475534,-0.737845,0.770058,0.0567573,0.01
0.0475534,-0.747049,0.699495,0.174874,0.01
0.0506214,-0.756253,0.622796,0.288388,0.01
0.0536893,-0.763922,0.535359,0.406505,0.01
0.0552233,-0.76699,0.457126,0.49701,0.01
0.0598253,-0.76699,0.381961,0.570641,0.01
0.0644272,-0.765456,0.311398,0.628932,0.01
0.0674952,-0.76699,0.254641,0.673418,0.01
0.0690291,-0.765456,0.207087,0.710233,0.01
0.0705631,-0.768524,0.184078,0.733243,0.01
0.0705631,-0.773126,0.176408,0.745515,0.01
0.0736311,-0.776194,0.176408,0.745515,0.01
0.0736311,-0.783864,0.176408,0.745515,0.01
0.0751651,-0.793068,0.176408,0.747049,0.01
0.0751651,-0.796136,0.176408,0.745515,0.01
0.076699,-0.800738,0.176408,0.745515,0.01
0.076699,-0.802272,0.176408,0.745515,0.01
0.076699,-0.802272,0.176408,0.745515,0.01
0.076699,-0.802272,0.176408,0.745515,0.01
0.076699,-0.803806,0.176408,0.745515,0.01
0.076699,-0.803806,0.174874,0.745515,0.01
0.076699,-0.802272,0.177942,0.745515,0.01
0.0751651,-0.802272,0.18868,0.745515,0.01
0.0736311,-0.802272,0.213223,0.734777,0.01
0.0736311,-0.802272,0.248505,0.708699,0.01
0.0751651,-0.802272,0.289922,0.66268,0.01
0.076699,-0.803806,0.33901,0.599787,0.01
0.076699,-0.808408,0.398835,0.521553,0.01
0.0751651,-0.817612,0.477068,0.423379,0.01
0.0736311,-0.825282,0.550699,0.332874,0.01
0.0705631,-0.831418,0.628932,0.242369,0.01
0.0690291,-0.83602,0.699495,0.153398,0.01
0.0705631,-0.832952,0.763922,0.0705631,0.01
0.0705631,-0.831418,0.82068,-0.0107379,0.01
0.0705631,-0.829884,0.857495,-0.0613592,0.01
0.0705631,-0.826816,0.877437,-0.0751651,0.01
0.0705631,-0.825282,0.882039,-0.0720971,0.01
0.0720971,-0.823748,0.882039,-0.0644272,0.01
0.0720971,-0.826816,0.875903,-0.0460194,0.01
0.0705631,-0.829884,0.843689,-0.0199418,0.01
0.0736311,-0.826816,0.803806,0.0199418,0.01
0.0751651,-0.823748,0.754719,0.0843689,0.01
0.0736311,-0.822214,0.699495,0.161068,0.01
0.0751651,-0.816078,0.627398,0.260777,0.01
0.0751651,-0.808408,0.555301,0.349748,0.01
0.076699,-0.796136,0.48167,0.431049,0.01
0.081301,-0.78233,0.409573,0.50468,0.01
0.0843689,-0.770058,0.332874,0.561437,0.01
0.0874369,-0.756253,0.256175,0.605922,0.01
0.0905049,-0.745515,0.193282,0.638136,0.01
0.0889709,-0.740913,0.14266,0.664214,0.01
0.0905049,-0.734777,0.0951068,0.690291,0.01
0.0874369,-0.733243,0.0567573,0.719437,0.01
0.0905049,-0.734777,0.0168738,0.753185,0.01
0.0920388,-0.734777,-0.0199418,0.785398,0.01
0.0920388,-0.731709,-0.0598253,0.819146,0.01
0.0889709,-0.730175,-0.101243,0.855961,0.01
0.0874369,-0.727107,-0.144194,0.892777,0.01
0.0843689,-0.717903,-0.18868,0.937262,0.01
0.081301,-0.705631,-0.230097,0.972544,0.01
0.076699,-0.693359,-0.263845,1.00322,0.01
0.0720971,-0.684155,-0.294524,1.02623,0.01
0.0674952,-0.676486,-0.312932,1.04004,0.01
0.0674952,-0.671884,-0.32367,1.04311,0.01
0.0674952,-0.67035,-0.322136,1.04311,0.01
0.0674952,-0.67035,-0.322136,1.04311,0.01
0.0674952,-0.671884,-0.322136,1.04311,0.01
0.0674952,-0.673418,-0.322136,1.04311,0.01
0.0674952,-0.674952,-0.322136,1.04311,0.01
0.0659612,-0.674952,-0.322136,1.04311,0.01
0.0644272,-0.674952,-0.322136,1.04311,0.01
0.0628932,-0.674952,-0.322136,1.04311,0.01
0.0582913,-0.674952,-0.322136,1.04311,0.01
0.0521553,-0.674952,-0.322136,1.04311,0.01
0.0475534,-0.674952,-0.322136,1.04311,0.01
0.0444854,-0.674952,-0.322136,1.04311,0.01
0.0414175,-0.674952,-0.322136,1.04311,0.01
0.0398835,-0.674952,-0.322136,1.04311,0.01
0.0414175,-0.673418,-0.322136,1.04311,0.01
0.0414175,-0.671884,-0.322136,1.04311,0.01
0.0398835,-0.671884,-0.322136,1.04311,0.01
0.0383495,-0.67035,-0.322136,1.04311,0.01
0.0337476,-0.67035,-0.322136,1.04311,0.01
0.0291456,-0.671884,-0.322136,1.04311,0.01
0.0230097,-0.673418,-0.322136,1.04311,0.01
0.0184078,-0.674952,-0.322136,1.04311,0.01
0.0122718,-0.674952,-0.322136,1.04311,0.01
0.0107379,-0.674952,-0.322136,1.04311,0.01
0.0076699,-0.674952,-0.322136,1.04311,0.01
0.0076699,-0.674952,-0.322136,1.04311,0.01
0.0076699,-0.674952,-0.322136,1.04311,0.01
0.0076699,-0.674952,-0.322136,1.04311,0.01
0.00920388,-0.674952,-0.322136,1.04311,0.01
0.00920388,-0.674952,-0.322136,1.04311,0.01
0.0076699,-0.676486,-0.322136,1.04311,0.01
0.00920388,-0.674952,-0.322136,1.04311,0.01
0.00920388,-0.676486,-0.322136,1.04311,0.01
0.0076699,-0.676486,-0.322136,1.04311,0.01
0.0076699,-0.676486,-0.322136,1.04311,0.01
0.00920388,-0.676486,-0.322136,1.04311,0.01
0.00920388,-0.676486,-0.322136,1.04311,0.01
0.00920388,-0.676486,-0.322136,1.04311,0.01
0.00920388,-0.676486,-0.322136,1.04311,0.01
0.0107379,-0.676486,-0.322136,1.04311,0.01
0.0107379,-0.676486,-0.322136,1.04311,0.01
0.0107379,-0.676486,-0.322136,1.04311,0.01
0.0107379,-0.67802,-0.322136,1.04311,0.01
0.0107379,-0.67802,-0.322136,1.04311,0.01
0.0107379,-0.679554,-0.322136,1.04311,0.01
0.0122718,-0.679554,-0.322136,1.04311,0.01
0.0122718,-0.67802,-0.322136,1.04311,0.01
0.0122718,-0.679554,-0.322136,1.04311,0.01
0.0122718,-0.679554,-0.322136,1.04157,0.01
0.0122718,-0.679554,-0.322136,1.04311,0.01
0.0122718,-0.679554,-0.322136,1.04311,0.01
0.0122718,-0.679554,-0.322136,1.04311,0.01
0.0122718,-0.679554,-0.322136,1.04311,0.01
0.0122718,-0.679554,-0.322136,1.04311,0.01
0.0122718,-0.679554,-0.322136,1.04311,0.01
0.0122718,-0.679554,-0.322136,1.04311,0.01
0.0122718,-0.679554,-0.322136,1.04311,0.01
0.0122718,-0.679554,-0.322136,1.04311,0.01
0.0122718,-0.679554,-0.322136,1.04311,0.01
0.0138058,-0.679554,-0.322136,1.04311,0.01
0.0138058,-0.679554,-0.322136,1.04311,0.01
0.0122718,-0.67802,-0.322136,1.04311,0.01
0.0122718,-0.679554,-0.322136,1.04311,0.01
0.0138058,-0.679554,-0.322136,1.04311,0.01
0.0138058,-0.679554,-0.322136,1.04311,0.01
0.0138058,-0.679554,-0.322136,1.04311,0.01
0.0138058,-0.679554,-0.320602,1.04311,0.01
0.0138058,-0.679554,-0.322136,1.04311,0.01
0.0138058,-0.679554,-0.322136,1.04311,0.01
0.0138058,-0.679554,-0.322136,1.04311,0.01
0.0122718,-0.679554,-0.322136,1.04311,0.01
0.0138058,-0.679554,-0.322136,1.04311,0.01
0.0138058,-0.679554,-0.322136,1.04311,0.01
0.0138058,-0.681087,-0.322136,1.04311,0.01
0.0138058,-0.682621,-0.322136,1.04311,0.01
0.0138058,-0.684155,-0.322136,1.04311,0.01
0.0122718,-0.684155,-0.322136,1.04311,0.01
0.0138058,-0.685689,-0.322136,1.04311,0.01
0.0153398,-0.684155,-0.322136,1.04311,0.01
0.0168738,-0.685689,-0.322136,1.04311,0.01
0.0168738,-0.685689,-0.322136,1.04311,0.01
0.0168738,-0.685689,-0.322136,1.04311,0.01
0.0168738,-0.684155,-0.322136,1.04311,0.01
0.0184078,-0.685689,-0.322136,1.04311,0.01
